23	667770
MU:   	-25.2174	58.5857	-53.7553	-125.709	-6.14287	-8.08218	-2.32349	
Sigma:	6.83521	22.1521	13.5067	33.3183	2.1266	2.69765	1.49318	