21	1115927
MU:   	-8.25058	24.2686	-13.9523	-34.6999	-1.59866	-2.9539	5.19957	
Sigma:	3.52976	2.41579	2.07707	2.59924	1.17505	1.83589	5.97429	